Biller Number
1001020
1001015
1001008
1001003
1001005
1001002
1001001
1000056
1000000
1000001
1000009
1001036
1001032
1001031
1001029
1001026
1001045
1001042
1001033
1001040
1001039
1001014
1001007
1001051
1001072
1001058
1001069
1001034
1001057
1001052
1001047
1001044
1001030
1001082
1001093
1001089
1001068
1001060
1001083
1001053
1001081
1001059
1001079
1001078
1001116
1001117
1001076
1001111
1001107
1001112
1001088
1001096
1001085
1001095
1001090
1001167
1001175
1001179
1001173
1001160
1001148
1001143
1001166
1001161
1001152
1001193
1001203
1001199
1001204
1001201
1001197
1001190
1001196
1001176
1001189
1001185
1001207
1001202
1001208
1001210
1001200
1001209
1001227
1001229
1001226
1001219
1001224
1001220
1001217
1001214
1001216
1001186
1001250
1001233
1001242
1001241
1001236
1001187
1001237
1001211
1001234
1001232
1001274
1001259
1001267
1001254
1001264
1001238
1001256
1001243
1001252
1001287
1001285
1001280
1001235
1001277
1001245
1001278
1001275
1001305
1001302
1001293
1001296
1001272
1001271
1001291
1001292
1001309
1001326
1001312
1001311
1001298
1001308
1001307
1001346
1001338
1001340
1001303
1001322
1001327
1001320
1001334
1001328
1001321
1001366
1001337
1001349
1001357
1001360
1001359
1001351
1001350
1001331
1001335
1001398
1001393
1001368
1001389
1001386
1001380
1001385
1001379
1001314
1001374
1001404
1001414
1001411
1001361
1001403
1001409
1001408
1001406
1001405
1001399
1001412
1001419
1001420
1001417
1001413
1001465
1001457
1001453
1001458
1001435
1001449
1001439
1001442
1001444
1001438
1001433
1001485
1001488
1001480
1001427
1001474
1001459
1001467
1001507
1001503
1001499
1001494
1001496
1001533
1001539
1001538
1001536
1001531
1001537
1001529
1001528
1001504
1001514
1001517
1001555
1001530
1001554
1001549
1001553
1001585
1001582
1001579
1001574
1001569
1001571
1001566
1001567
1001543
1001620
1001619
1001584
1001616
1001609
1001612
1001606
1001605
1001598
1001565
1001593
1001659
1001645
1001638
1001647
1001646
1001637
1001628
1001636
1001641
1001600
1001686
1001679
1001677
1001685
1001682
1001674
1001662
1001676
1001670
1001671
1001667
1001695
1001713
1001712
1001699
1001683
1001708
1001707
1001656
1001687
1001697
1001745
1001757
1001752
1001750
1001715
1001739
1001736
1001733
1001735
1001738
1001728
1001786
1001773
1001784
1001774
1001755
1001769
1001771
1001768
1001767
1001758
1001766
1001812
1001810
1001801
1001811
1001794
1001798
1001800
1001796
1001799
1001789
1001797
1001839
1001842
1001841
1001837
1001833
1001827
1001832
1001825
1001815
1001821
1001823
1001868
1001873
1001870
1001849
1001822
1001857
1001862
1001866
1001859
1001856
1001860
1001898
1001899
1001895
1001900
1001892
1001890
1001888
1001887
1001867
1001881
1001879
1001924
1001913
1001919
1001920
1001917
1001907
1001915
1001911
1001906
1001897
1001951
1001941
1001946
1001949
1001942
1001944
1001943
1001937
1001938
1001936
1001854
1001954
1001971
1001962
1001959
1001940
1001964
1001963
1001953
1001934
1001957
1001956
1002007
1002005
1001995
1002003
1002001
1001991
1001993
1001977
1001980
1001984
1001985
1002033
1002011
1002028
1002013
1002025
1002018
1002017
1002004
1001955
1002010
1002006
1002058
1002056
1002040
1002057
1002049
1002055
1002048
1002047
1002035
1002041
1002030
1002098
1002087
1002093
1002081
1002082
1002076
1002084
1002063
1002077
1002079
1002078
1002123
1002039
1002134
1002132
1002073
1002126
1002127
1002119
1002112
1002109
1002115
1002140
1002150
1002147
1002148
1002143
1002142
1002099
1002136
1002138
1002204
1002199
1002153
1002203
1002198
1002193
1002189
1002196
1002190
1002159
1002275
1002278
1002269
1002270
1002266
1002267
1002252
1002255
1002256
1002254
1002334
1002319
1002329
1002327
1002326
1002312
1002302
1002304
1002314
1002313
1002343
1002354
1002358
1002353
1002357
1002335
1002345
1002350
1002331
1002340
1002390
1002385
1002389
1002377
1002322
1002382
1002383
1002380
1002371
1002370
1002418
1002409
1002412
1002410
1002372
1002407
1002405
1002399
1002397
1002386
1002398
1002451
1002435
1002394
1002444
1002443
1002439
1002438
1002417
1002430
1002428
1002431
1002495
1002485
1002491
1002487
1002466
1002467
1002469
1002465
1002456
1002463
1002513
1002492
1002516
1002509
1002455
1002510
1002504
1002432
1002506
1002453
1002502
1002537
1002543
1002544
1002546
1002489
1002535
1002471
1002534
1002533
1002503
1002572
1002564
1002528
1002566
1002560
1002554
1002562
1002556
1002552
1002553
1002610
1002609
1002605
1002602
1002598
1002596
1002584
1002591
1002589
1002588
1002650
1002651
1002646
1002640
1002633
1002642
1002643
1002637
1002636
1002570
1002676
1002675
1002679
1002671
1002647
1002669
1002666
1002665
1002659
1002661
1002711
1002706
1002624
1002704
1002698
1002701
1002691
1002694
1002688
1002692
1002683
1002759
1002775
1002777
1002748
1002772
1002771
1002767
1002763
1002757
1002740
1002734
1002814
1002811
1002791
1002808
1002803
1002800
1002799
1002722
1002793
1002795
1002792
1002833
1002838
1002832
1002828
1002824
1002830
1002829
1002825
1002816
1002826
1002858
1002850
1002849
1002848
1002840
1002835
1002844
1002842
1002846
1002845
1002827
1002876
1002880
1002872
1002864
1002865
1002869
1002868
1002853
1002863
1002859
1002851
1002898
1002894
1002873
1002895
1002893
1002879
1002874
1002889
1002888
1002885
1002856
1002917
1002903
1002904
1002906
1002908
1002852
1002901
1002886
1002900
1002930
1002936
1002925
1002924
1002933
1002928
1002931
1002912
1002922
1002923
1002964
1002955
1002939
1002953
1002959
1002929
1002920
1002951
1002948
1002941
1002932
1002973
1002979
1002978
1002966
1002974
1002968
1002950
1002970
1002961
1002958
1002989
1003005
1002997
1002988
1002996
1002992
1002969
1002990
1002985
